[(1, 1), (3, 3), (4, 4), (5, 5), (7, 7), (8, 8), (11, 12), (12, 12), (12, 13), (13, 14), (14, 15), (15, 16), (16, 17), (17, 17), (17, 19), (17, 19), (19, 21), (19, 22), (19, 22), (19, 22), (21, 23), (22, 25), (22, 25), (22, 26), (22, 26), (23, 26), (25, 27), (25, 27), (26, 28), (26, 29), (26, 30
), (27, 30), (27, 35), (27, 35), (28, 35), (29, 35), (29, 36), (30, 37), (30, 37), (31, 37), (34, 38), (35, 39), (35, 40), (35, 40), (35, 40), (35, 42), (36, 43), (36, 44), (37, 44), (37, 45), (37, 45), (38, 46), (38, 46), (39, 47), (39, 47), (40, 49), (40, 49), (40, 51), (41, 54), (42, 55), (43
, 55), (43, 55), (44, 55), (44, 58), (44, 58), (45, 58), (45, 61), (45, 61), (46, 63), (46, 66), (46, 67), (47, 68), (47, 68), (47, 70), (48, 73), (48, 74), (49, 75), (49, 75), (50, 76), (51, 77), (51, 79), (51, 79), (52, 79), (53, 79), (53, 81), (54, 81), (55, 81), (55, 82), (55, 82), (55, 82),
 (57, 83), (58, 83), (58, 84), (58, 85), (59, 88), (61, 88), (61, 90), (61, 90), (61, 90), (63, 91), (66, 92), (67, 92), (68, 94), (68, 95), (69, 96), (70, 97), (72, 98), (73, 98), (73, 99), (74, 99), (75, 101), (75, 102), (75, 102), (75, 102), (76, 103), (77, 107), (78, 107), (79, 107), (79, 10
9), (79, 109), (79, 109), (81, 110), (81, 111), (81, 111), (82, 112), (82, 112), (82, 112), (83, 112), (83, 113), (84, 114), (85, 114), (88, 117), (88, 121), (90, 121), (90, 122), (90, 122), (90, 122), (91, 123), (92, 123), (92, 124), (93, 128), (94, 130), (95, 131), (95, 131), (96, 132), (97, 1
32), (97, 132), (98, 133), (98, 134), (99, 134), (99, 135), (102, 136), (102, 136), (102, 137), (103, 137), (107, 139), (107, 139), (109, 139), (110, 140), (111, 140), (111, 141), (112, 141), (112, 141), (112, 142), (112, 143), (113, 144), (114, 146), (114, 149), (117, 149), (121, 149), (121, 15
0), (122, 152), (122, 152), (122, 152), (123, 153), (123, 155), (124, 155), (128, 156), (130, 158), (131, 158), (131, 158), (132, 158), (132, 159), (132, 160), (133, 162), (134, 164), (134, 164), (135, 165), (136, 166), (136, 166), (137, 166), (137, 169), (139, 170), (139, 170), (139, 170), (140
, 171), (140, 171), (141, 171), (141, 172), (141, 173), (142, 175), (143, 175), (144, 177), (146, 177), (149, 178), (149, 179), (149, 184), (150, 185), (152, 186), (152, 187), (152, 190), (153, 193), (155, 194), (155, 194), (156, 198), (158, 198), (158, 199), (158, 202), (158, 203), (159, 206), 
(160, 207), (162, 209), (164, 209), (164, 210), (165, 211), (166, 212), (166, 212), (166, 213), (169, 214), (170, 216), (170, 216), (170, 217), (171, 217), (171, 218), (171, 218), (172, 219), (173, 221), (175, 222), (175, 223), (177, 224), (177, 224), (178, 225), (179, 225), (184, 226), (185, 22
7), (186, 227), (187, 229), (190, 229), (193, 234), (194, 234), (194, 235), (198, 236), (198, 236), (199, 237), (203, 238), (206, 240), (209, 241), (210, 241), (211, 244), (212, 246), (212, 246), (213, 246), (214, 247), (216, 247), (216, 251), (217, 252), (217, 252), (218, 253), (218, 254), (219
, 254), (221, 255), (222, 257), (223, 257), (224, 260), (224, 261), (225, 261), (225, 262), (226, 263), (227, 264), (227, 266), (229, 267), (229, 268), (234, 269), (234, 270), (235, 271), (236, 271), (236, 271), (237, 273), (238, 273), (240, 273), (241, 274), (241, 276), (244, 276), (246, 276), 
(246, 277), (246, 277), (247, 277), (247, 280), (251, 281), (252, 285), (252, 286), (253, 286), (254, 286), (254, 287), (255, 287), (257, 287), (257, 288), (260, 289), (261, 290), (261, 292), (262, 292), (263, 293), (264, 293), (266, 293), (267, 293), (268, 295), (269, 295), (270, 296), (271, 29
6), (271, 296), (271, 297), (273, 298), (273, 299), (273, 301), (274, 303), (276, 304), (276, 305), (276, 305), (277, 306), (277, 308), (277, 309), (280, 309), (281, 309), (285, 312), (286, 312), (286, 312), (286, 313), (287, 313), (287, 313), (287, 316), (288, 319), (289, 320), (290, 322), (292
, 324), (292, 325), (293, 326), (293, 327), (293, 329), (293, 329), (295, 330), (295, 331), (296, 333), (296, 334), (296, 334), (297, 334), (298, 335), (299, 338), (303, 339), (305, 340), (309, 341), (309, 342), (312, 342), (312, 342), (312, 343), (313, 343), (313, 344), (313, 345), (316, 347), 
(319, 347), (320, 348), (322, 348), (324, 350), (325, 351), (326, 351), (327, 352), (329, 352), (329, 352), (330, 353), (331, 353), (333, 353), (334, 354), (334, 354), (334, 357), (335, 357), (338, 358), (339, 360), (340, 360), (341, 360), (342, 361), (342, 361), (342, 361), (343, 363), (343, 36
4), (344, 366), (345, 368), (347, 368), (347, 370), (348, 371), (348, 371), (350, 373), (351, 373), (351, 374), (352, 376), (352, 376), (352, 378), (353, 379), (353, 380), (353, 380), (354, 383), (354, 383), (357, 386), (357, 389), (358, 390), (360, 394), (360, 397), (360, 399), (361, 399), (361
, 399), (361, 401), (363, 401), (364, 402), (366, 403), (368, 403), (368, 404), (370, 405), (371, 405), (371, 405), (373, 405), (373, 406), (374, 406), (376, 407), (376, 408), (378, 408), (379, 410), (380, 411), (380, 412), (383, 412), (383, 413), (386, 413), (389, 415), (390, 415), (394, 416), 
(397, 417), (399, 419), (399, 421), (399, 421), (401, 422), (402, 422), (403, 422), (405, 423), (405, 424), (405, 425), (406, 426), (410, 426), (411, 426), (412, 426), (412, 429), (413, 429), (413, 430), (415, 431), (415, 431), (416, 432), (417, 432), (419, 432), (421, 433), (421, 435), (422, 43
5), (422, 437), (422, 438), (423, 439), (424, 439), (425, 441), (426, 441), (426, 443), (426, 444), (426, 445), (429, 445), (429, 445), (430, 446), (431, 447), (431, 448), (432, 448), (432, 449), (432, 450), (433, 450), (435, 450), (435, 452), (437, 452), (438, 452), (439, 453), (439, 454), (441
, 455), (441, 456), (443, 456), (444, 457), (445, 459), (445, 460), (445, 460), (446, 462), (447, 462), (448, 462), (448, 463), (449, 463), (450, 465), (450, 469), (450, 469), (452, 470), (452, 471), (452, 472), (453, 472), (454, 472), (455, 474), (456, 475), (456, 476), (457, 478), (459, 478), 
(460, 479), (460, 483), (462, 485), (462, 486), (462, 486), (463, 487), (463, 487), (465, 487), (469, 489), (469, 490), (470, 490), (471, 490), (472, 491), (472, 491), (472, 491), (474, 492), (475, 492), (476, 492), (478, 493), (478, 493), (479, 493), (483, 493), (485, 495), (486, 495), (486, 49
5), (487, 496), (487, 497), (487, 497), (489, 499), (490, 500), (490, 501), (490, 501), (491, 502), (491, 503), (491, 503), (492, 503), (492, 505), (492, 506), (493, 506), (493, 507), (493, 507), (493, 508), (495, 508), (495, 509), (495, 509), (496, 513), (497, 514), (497, 514), (499, 516), (503
, 519), (505, 519), (506, 520), (506, 522), (507, 524), (508, 524), (508, 526), (509, 526), (513, 526), (514, 527), (514, 527), (516, 527), (519, 528), (519, 528), (520, 529), (522, 529), (524, 531), (524, 531), (526, 532), (526, 532), (526, 533), (527, 533), (527, 534), (527, 535), (528, 536), 
(528, 536), (529, 537), (529, 537), (531, 539), (531, 539), (532, 540), (532, 542), (533, 543), (533, 545), (534, 546), (535, 546), (536, 546), (536, 547), (537, 547), (537, 548), (539, 549), (539, 550), (540, 551), (542, 551), (543, 552), (545, 553), (546, 553), (546, 553), (546, 554), (547, 55
5), (547, 556), (548, 558), (549, 559), (550, 559), (551, 559), (551, 560), (552, 560), (553, 561), (553, 562), (553, 563), (554, 565), (555, 568), (556, 568), (558, 570), (559, 570), (559, 571), (559, 573), (560, 574), (560, 576), (561, 577), (562, 578), (563, 579), (565, 579), (568, 581), (568
, 582), (570, 582), (570, 582), (571, 582), (573, 584), (574, 585), (576, 585), (577, 585), (578, 586), (579, 587), (579, 587), (581, 589), (582, 590), (582, 590), (582, 590), (582, 594), (584, 594), (585, 594), (585, 596), (585, 596), (586, 599), (587, 601), (587, 601), (589, 603), (590, 606), 
(590, 607), (590, 609), (594, 611), (594, 611), (594, 612), (596, 613), (596, 613), (599, 613), (603, 613), (606, 614), (607, 614), (611, 615), (611, 615), (612, 615), (613, 617), (613, 617), (613, 618), (613, 621), (614, 622), (614, 623), (615, 623), (615, 624), (615, 624), (617, 624), (617, 62
4), (618, 625), (621, 627), (622, 628), (623, 629), (623, 631), (624, 631), (624, 632), (624, 633), (624, 634), (625, 635), (627, 636), (628, 636), (629, 636), (631, 637), (631, 638), (632, 639), (633, 639), (634, 643), (635, 643), (636, 645), (636, 645), (636, 645), (637, 646), (638, 646), (639
, 647), (639, 647), (643, 648), (643, 649), (645, 650), (645, 650), (645, 651), (646, 653), (646, 654), (647, 655), (647, 655), (648, 660), (649, 662), (650, 662), (650, 662), (651, 663), (653, 665), (654, 666), (655, 669), (655, 670), (660, 672), (662, 672), (662, 673), (662, 675), (663, 675), 
(665, 675), (666, 676), (669, 677), (670, 677), (672, 678), (672, 678), (673, 678), (675, 679), (675, 681), (675, 681), (676, 682), (677, 682), (677, 682), (678, 683), (678, 683), (678, 683), (679, 686), (681, 688), (681, 688), (682, 689), (682, 690), (682, 695), (683, 696), (683, 697), (683, 69
7), (686, 697), (688, 698), (688, 698), (689, 698), (690, 699), (695, 700), (696, 701), (697, 702), (697, 702), (697, 703), (698, 705), (698, 705), (698, 706), (699, 706), (700, 708), (701, 709), (702, 710), (706, 711), (706, 712), (709, 712), (710, 712), (711, 712), (712, 714), (712, 716), (712
, 716), (712, 716), (714, 717), (716, 718), (716, 718), (716, 719), (717, 720), (718, 721), (718, 721), (719, 722), (720, 722), (721, 723), (721, 725), (722, 725), (722, 726), (723, 726), (725, 726), (725, 727), (726, 728), (726, 728), (726, 729), (727, 729), (728, 730), (728, 733), (729, 733), 
(729, 736), (730, 737), (733, 737), (733, 738), (736, 739), (737, 739), (737, 740), (738, 741), (739, 743), (739, 743), (740, 746), (741, 746), (743, 747), (743, 748), (746, 749), (746, 749), (747, 749), (748, 750), (749, 753), (749, 754), (749, 754), (750, 755), (753, 757), (754, 758), (754, 75
9), (755, 761), (757, 761), (758, 762), (759, 763), (761, 765), (761, 766), (762, 766), (763, 767), (765, 767), (766, 768), (766, 769), (767, 769), (767, 771), (768, 773), (769, 773), (769, 774), (771, 774), (773, 775), (773, 776), (774, 777), (774, 785), (775, 788), (776, 788), (777, 788), (785
, 789), (788, 789), (788, 791), (788, 791), (789, 792), (789, 792), (791, 793), (791, 795), (792, 795), (792, 796), (793, 797), (795, 798), (795, 799), (796, 800), (797, 808), (798, 810), (799, 811), (800, 812), (808, 812), (810, 813), (811, 814), (812, 814), (812, 815), (813, 817), (814, 822), 
(814, 822), (815, 823), (817, 825), (822, 825), (822, 826), (823, 829), (825, 829), (825, 830), (826, 830), (829, 831), (829, 832), (830, 833), (830, 834), (831, 839), (832, 840), (833, 840), (834, 840), (839, 842), (840, 843), (840, 844), (840, 847), (842, 849), (843, 853), (844, 853), (847, 85
4), (849, 854), (853, 854), (853, 855), (854, 858), (854, 859), (854, 860), (855, 861), (858, 861), (859, 863), (860, 864), (861, 866), (861, 868), (863, 868), (864, 868), (866, 869), (868, 870), (868, 871), (868, 873), (869, 874), (870, 874), (871, 874), (873, 875), (874, 875), (874, 877), (874
, 879), (875, 880), (875, 880), (877, 881), (879, 883), (880, 885), (880, 886), (881, 886), (883, 887), (885, 887), (886, 888), (886, 889), (887, 889), (887, 889), (888, 889), (889, 890), (889, 892), (889, 892), (889, 893), (890, 893), (892, 893), (892, 895), (893, 896), (893, 897), (893, 897), 
(895, 898), (896, 898), (897, 899), (897, 899), (898, 899), (898, 900), (899, 901), (899, 901), (899, 903), (901, 905), (901, 905), (905, 907), (908, 908), (909, 909), (911, 911), (912, 912), (912, 912), (915, 915), (917, 917), (919, 919), (920, 920), (920, 920), (922, 922), (922, 922), (925, 92
5), (927, 927), (927, 927), (927, 927), (929, 929), (929, 929), (930, 930), (930, 930), (930, 930), (932, 932), (933, 933), (933, 933), (934, 934), (935, 935), (935, 935), (936, 936), (937, 937), (937, 937), (938, 938), (940, 940), (941, 941), (941, 941), (941, 941), (942, 942), (942, 942), (943
, 943), (946, 946), (946, 946), (948, 948), (949, 949), (950, 950), (950, 950), (951, 951), (951, 951), (952, 952), (953, 953), (955, 955), (956, 956), (956, 956), (957, 957), (958, 958), (958, 958), (958, 958), (961, 961), (962, 962), (962, 962), (965, 965), (966, 966), (967, 967), (968, 968), 
(968, 968), (969, 969), (969, 969), (971, 971), (973, 973), (973, 973), (974, 974), (974, 974), (975, 975), (975, 975), (976, 976), (976, 976), (977, 977), (978, 978), (980, 980), (980, 980), (982, 982), (984, 984), (986, 986), (986, 986), (987, 987), (990, 990), (991, 991), (991, 991), (992, 99
2), (993, 993), (994, 994), (994, 994), (995, 995), (996, 996), (997, 997), (997, 997), (998, 998), (998, 998), (999, 999), (999, 999), (999, 999)]
